19871033282
19871037801
19871056751
19871063401
19871072644
19871175925
19871193805
19871200533
19871245640
19871284242
19871287024
19871326127
19871330666
19871346653
19871348094
19871391046
19871479966
19871503248
19871520861
19871554684
19871556615
19871560230
19871571944
19871575118
19871596758
19871599319
19871609408
19871619226
19871644018
19871661123
19871671732
19871689080
19881018271
19881049022
19891006847
19891045137
19891074526
19891074135
19901007170
19901023042
19901044631
19901059283
19911031320
19911032705
19911032882
19911036073
19911038643
19911047840
19911056474
19911075496
19921038072
19921044835
19921047255
19921049215
19921074037
19921107810
19921113113
19921123342
19931022366
19931051856
19931079698
19931115648
19931132862
19941028536
19941032367
19941034704
19941050072
19941057478
19941072839
19941076423
19941144851
19951000140
19951016315
19951018093
19951069729
19951077997
19951107843
19951149529
19961034546
19961035185
19961056608
19961061964
19961083900
19961084578
19961141995
19961153080
19961161053
19961170804
19971005717
19971010313
19971014987
19971043477
19971046485
19971046674
19971056930
19971073921
19971074618
19971074731
19971074783
19971075912
19971079465
19971095601
19971122711
19971131869
19971134894
19981039402
19981043122
19981044933
19981053172
19981057570
19981065536
19981073334
19981076636
19981077933
19981081562
19981081910
19981082567
19981085317
19981094262
19981096681
19981105902
19981132659
19981199524
19981216235
19981220839
19981223924
19991013620
19991016959
19991040403
19991041567
19991059180
19991073135
19991073140
19991073809
19991088516
19991094001
19991101012
19991104066
19991119092
19991137705
19991162295
19991182207
19991214877
20001030370
20001050535
20001055128
20001063222
20001070942
20001077687
20001077690
20001095838
20001099907
20001105189
20001140031
20001155465
20011019120
20011028859
20011051561
20011056467
20011073954
20011076030
20011077076
20011097520
20011098944
20011100080
20011104363
20011105336
20011109708
20011214622
20141110204
20011244933
20021028218
20021058026
20021063920
20021065540
20021105780
20021153986
20021154821
20021155530
20021167849
20021289782
20021325924
20031012739
20031020350
20031092036
20031123675
20031130636
20031141464
20031144360
20031146351
20031147417
20031148576
20031148577
20031152220
20031155654
20031156459
20031158298
20031162894
20031169511
20031176168
20031205573
20031207682
20031209201
20031211857
20031213521
20041117964
20041138287
20041149120
20041150444
20041162579
20041167890
20041172053
20041190334
20041196256
20041200006
20041216701
20041393088
20041436469
20051038386
20051085099
20051103905
20051105279
20051110590
20051117887
20051134967
20051136758
20051177835
20051180430
20051182351
20051189376
20051202968
20051203713
20051205628
20051211479
20051238088
20181695299
20051306280
20051387977
20051412374
20051433188
20051463400
20051464415
20051466251
20051473427
20061091625
20061094179
20061112591
20061114100
20061136195
20061153125
20061161718
20061183445
20061186121
20061188201
20061188338
20061203180
20061207032
20061212383
20061216539
20061217350
20061218435
20061286539
20061309775
20061347258
20061356712
20061361972
20061427510
20061471217
20061525110
20071012496
20071020423
20071108656
20071114734
20071132037
20071145588
20071188043
20071215485
20071217480
20071235297
20071235605
20071248285
20071252371
20071271255
20071274044
20071345151
20071375244
20071427795
20071503038
20071528621
20071530766
20081046137
20081139049
20081139315
20081157213
20081166055
20081174158
20081175265
20081176127
20081208555
20081219712
20081223837
20081248165
20081258057
20081266176
20081274058
20081276040
20081284907
20081288499
20081316121
20081335099
20081336228
20081380065
20081409574
20081466487
20081531312
20081541261
20081545509
20081610893
20081625696
20091026929
20091075066
20091109263
20091125485
20091133768
20091149897
20091150958
20091173512
